1.0 -4
1.0 -2
0.9337806434509708 -4
0.7822225675159103 -4
0.6724121835041048 -4
0.9611906761741948 -4
0.5237706360892561 -6
0.8518063946159928 -6
0.34259417970914985 2
0.6199561842994714 -6
0.40022495160515736 -6
0.19084013024025862 -2
0.38136068036968673 -4
0.21731193954743422 -4
0.17177276037385972 -4
0.05786905414631632 -4
0.06175045060333739 -4
-0.09557722267083019 2
-0.08780080575161495 -2
-0.0638956911470091 -2
-0.12859972145931292 -6
-0.1546722586332236 2
-0.08266491982388165 -6
-0.1161227652567689 2
-0.10427320906367206 -4
-0.14034539603826396 4
-0.14034539603826396 4
-0.14034539603826396 4
-0.14034539603826396 2
-0.1235080209797777 2
-0.0915949673860634 4
-0.017037726406894674 -4
-0.04682087990365708 4
0.02867275398574124 4
0.1671020851159958 -2
0.09112492079568563 4
0.2526437420455254 -4
0.005590108853203629 -4
-0.14265229144255026 -6
-0.24534656462090543 -4
-0.33674086236427636 -4
-0.38037630305482717 2
-0.35236403795838767 4
-0.26525899205540915 4
-0.23988213474158365 -4
-0.29979076703606644 -6
-0.33465184253712776 4
-0.33465184253712776 4
-0.21728895134878123 2
-0.23988213474158365 -2
-0.27546241116067854 -4
-0.31485543961527274 2
-0.31485543961527274 -4
-0.3526386831002504 2
-0.3526386831002504 -2
-0.3999249617550633 -6
-0.5031583750990322 -4
-0.5385130755714427 2
-0.5385130755714427 4
-0.5385130755714427 -2
-0.5816374331310246 -4
-0.6532913080531921 4
-0.6532913080531921 -6
-0.6532913080531921 4
-0.5385130755714427 -2
-0.5807352989356737 -6
-0.5807352989356737 -4
-0.6212357007565894 2
-0.5720444016419521 2
-0.5520068557682755 -2
-0.5909767378440397 -2
-0.6264263451761309 -6
-0.6693437334991298 4
-0.6693437334991298 2
-0.5913436073934758 2
-0.5566499925769078 4
-0.5566499925769078 2
-0.5260471232749666 2
-0.5260471232749666 2
-0.5913436073934758 -4
-0.6725263899845055 -6
-0.7235808699142409 -6
-0.7235808699142409 2
-0.6216527213579036 2
-0.5650714892381098 2
-0.5262364403297896 -6
-0.5828953940529606 2
-0.5571501652489882 -4
-0.5571501652489882 2
-0.5650714892381098 -4
-0.5650714892381098 -2
-0.5844627004761488 2
-0.5755545575455273 4
-0.556160250340283 2
-0.556160250340283 4
-0.48514479114762266 -2
-0.5190020792330778 -6
-0.5190020792330778 4
-0.41981803515355454 -4
-0.41981803515355454 4
-0.41981803515355454 -2
-0.46659348509729165 -6
-0.5663247231536929 -6
-0.6022872690179067 2
-0.6022872690179067 4
-0.6022872690179067 -2
-0.6391422342134003 -6
-0.6391422342134003 2
-0.5950157747496266 -2
