-0.0014285714285714286
0.0014285714285714286
0.0014285714285714286
0.005714285714285714
0.008571428571428572
0.0
0.005681818181818182
-0.002857142857142857
0.01
0.002857142857142857
0.0176678445229682
0.0
0.007142857142857143
0.002857142857142857
0.004285714285714286
0.005714285714285714
0.005714285714285714
0.0
0.0
0.005791505791505791
0.0035842293906810036
0.0024875621890547263
0.0015923566878980893
0.00984251968503937
0.0016474464579901153
-0.0014285714285714286
0.007633587786259542
0.002
0.0030911901081916537
