0.00392156862745098
0.009009009009009009
0.00909090909090909
0.0035778175313059034
0.00423728813559322
0.009029345372460496
0.030303030303030304
0.00686106346483705
0.0014771048744460858
0.02046783625730994
0.006501950585175552
0.0056022408963585435
0.019753086419753086
0.006329113924050633
0.0045351473922902496
0.01818181818181818
0.005050505050505051
0.003484320557491289
0.011881188118811881
0.0028011204481792717
0.004702194357366771
0.0029069767441860465
0.022598870056497175
0.007751937984496124
0.0072992700729927005
0.008460236886632826
0.0033370411568409346
0.0136986301369863
0.0034562211981566822
0.015915119363395226
0.002068252326783868
-0.0026666666666666666
0.05235602094240838
0.005649717514124294
0.0028169014084507044
0.006015037593984963
0.0053475935828877
0.003236245954692557
0.0016611295681063123
0.0022123893805309734
0.01639344262295082
0.0031512605042016808
0.0023677979479084454
0.0008613264427217916
0.0016625103906899418
0.0017825311942959
0.0019305019305019305
0.0
0.0013333333333333333
0.019830028328611898
0.014044943820224719
0.019886363636363636
0.008955223880597015
0.01240694789081886
0.0018050541516245488
0.0031545741324921135
0.008680555555555556
0.0007993605115907274
0.015313935681470138
0.003663003663003663
0.0010245901639344263
0.0056179775280898875
0.005599104143337066
-0.0033333333333333335
0.0
0.0019801980198019802
0.0017452006980802793
0.007425742574257425
0.006535947712418301
0.019498607242339833
0.010395010395010396
0.000975609756097561
0.008526187576126675
0.0018034265103697023
0.0
0.007455731593662628
0.002145922746781116
0.0020855057351407717
0.006607929515418502
0.0025157232704402514
0.0016611295681063123
0.006198347107438017
0.0011312217194570137
0.0
0.004965243296921549
0.002
0.0018885741265344666
0.0018484288354898336
0.015503875968992248
0.0
0.0
0.0
0.0
0.0
0.0
-0.0013333333333333333
0.0
0.0
0.0
0.0
0.0
0.0
0.0
0.0
0.0
0.0
0.0
0.0
0.0
0.0
-0.0006666666666666666
0.0
0.0
0.0
0.0
0.0
0.0
0.0
0.0
0.0
0.0
0.0
0.0
0.0
0.0
0.0
0.0
0.0
0.0
