0.00392156862745098
0.009009009009009009
0.00909090909090909
0.0035778175313059034
0.00423728813559322
0.009029345372460496
0.030303030303030304
0.00686106346483705
0.0014771048744460858
0.02046783625730994
0.006501950585175552
0.0056022408963585435
0.019753086419753086
0.006329113924050633
0.0045351473922902496
0.01818181818181818
0.005050505050505051
0.003484320557491289
0.011881188118811881
0.0028011204481792717
0.004702194357366771
0.0029069767441860465
0.022598870056497175
0.007751937984496124
0.0072992700729927005
0.008460236886632826
0.0033370411568409346
0.0136986301369863
0.0034562211981566822
0.015915119363395226
0.002068252326783868
0.03015075376884422
0.0011389521640091116
0.0
0.003883495145631068
0.0006666666666666666
0.003821656050955414
0.0012121212121212121
